1
0.6056906465753716 0.30515451330698107 1000 1 1
49
0.5395499242124672 0.34585317757141676
0.5016816240770866 0.39617647856619875
0.42972229777342474 0.5814385852284654
0.9170084359877348 0.5160709910969407
0.9736041519384097 0.8817879214060887
0.8278698589343582 0.566701637700814
0.12803566871815486 0.5676246985803051
0.6087969392476092 0.8810498967591194
0.39831171625997297 0.6332483509971953
0.7145873628566658 0.6549266474916334
0.7223140767397508 0.1674255352030124
0.8524519954867333 0.4042784006753417
0.40784254815504406 0.9156671571203581
0.25109358715972974 0.06292893679544465
0.5188630695571186 0.7666316340785333
0.46482192703889924 0.5293779545940345
0.3685942670735969 0.8632049340301298
0.3387585302605399 0.029171981202984254
0.29261684568700896 0.7511063716053858
0.12943875879086508 0.5577114479816829
0.7214601622418338 0.14776405755821165
0.9832319111720482 0.5279947278662414
0.009392382714533132 0.8221378662596484
0.8088532101551125 0.3864375601124197
0.8293164363331393 0.7320390086057864
0.6302079749587823 0.6983708947421118
0.33083987247819013 0.019008534498792917
0.2894884031681597 0.724850550187369
0.9327147113362781 0.13204360534960535
0.016146901745989206 0.3420030850684246
0.5808237160245878 0.9186359764696962
0.8089959945103012 0.31349713150611147
0.8143876636458062 0.4864679705392472
0.6782420515026663 0.46150201925688783
0.8927963296866825 0.6031007183343651
0.5999700987921394 0.45532480258294095
0.4474226402333775 0.6645253935668155
0.314793556662764 0.28234165822598034
0.33352559833211637 0.5299227702300697
0.6370622344653422 0.8385795456679712
0.7675006612981969 0.8316835979301175
0.21142045595890147 0.5266022007699984
0.2115227325292559 0.039630615424440796
0.073305879744756 0.9834828445403451
0.5306037966335881 0.8812583641796602
0.23992815399010647 0.4684058645307211
0.6999270551041213 0.1825113351415204
0.1987972636284311 0.09914081259453678
0.5371421714192943 0.43405342160341
1548
22 18
27 26
19 2
29 43
31 44
2 8
5 11
24 18
12 48
15 13
23 24
17 47
6 27
22 14
24 45
17 46
11 33
33 33
28 31
33 35
2 24
39 38
40 31
8 24
26 1
18 29
6 6
12 6
20 28
14 28
33 41
24 40
39 45
27 9
6 28
1 23
34 2
35 2
25 27
48 21
18 3
32 31
30 41
9 36
39 14
18 11
29 44
49 29
9 12
41 30
34 46
35 22
30 20
27 9
45 4
20 17
44 14
29 42
40 11
33 34
39 21
20 37
44 20
32 33
16 49
4 40
11 48
4 21
14 40
29 14
50 6
9 10
11 44
42 22
29 43
39 14
19 11
26 45
45 46
49 29
13 2
48 32
28 35
21 10
44 8
29 13
50 50
9 40
43 2
38 20
24 18
29 24
31 29
16 10
3 33
26 20
40 32
25 47
31 30
19 25
5 2
17 28
45 44
7 31
26 44
19 39
24 16
16 15
9 8
25 19
43 46
38 47
12 19
39 44
37 41
41 26
11 17
16 16
50 32
22 41
11 11
6 14
33 13
36 50
32 37
25 33
33 7
18 13
41 23
25 38
7 21
44 6
13 12
4 4
49 30
23 30
44 6
48 47
25 33
7 22
4 38
31 23
4 8
29 46
7 21
35 28
40 42
47 40
3 26
31 6
33 8
19 47
25 13
50 18
23 39
34 38
45 6
47 46
10 24
27 25
23 39
49 47
39 16
34 50
40 14
34 33
21 45
49 48
48 41
6 49
31 30
39 48
23 42
28 42
28 40
42 19
48 45
3 10
9 17
40 34
25 32
19 4
18 27
10 12
14 41
31 44
46 34
10 45
23 8
36 22
45 40
16 27
5 29
49 21
4 43
35 27
43 32
4 16
37 29
30 12
26 47
46 6
33 42
31 20
28 50
15 16
20 35
40 41
46 30
47 40
23 35
33 36
6 22
40 37
7 18
33 32
15 42
17 38
14 34
34 12
21 11
1 49
29 40
7 21
17 5
8 42
4 19
47 13
43 31
15 21
19 26
46 36
14 18
11 13
43 13
32 40
16 20
3 18
21 42
38 17
43 23
11 50
33 13
7 46
41 5
27 21
26 28
27 26
34 17
46 2
36 35
36 35
11 28
39 41
16 44
50 14
41 17
20 31
35 20
40 35
29 19
47 20
47 3
7 12
24 18
3 20
28 22
29 7
30 35
27 17
24 40
37 34
31 3
16 42
28 9
5 4
35 18
26 37
13 7
19 13
31 46
8 42
48 47
9 46
41 43
28 29
29 40
33 50
2 47
26 38
13 12
41 25
9 5
50 15
17 12
13 11
10 5
10 7
16 9
36 32
46 32
26 30
47 38
6 24
31 37
50 10
49 10
45 49
41 29
45 10
23 49
45 36
14 46
50 22
39 48
37 21
50 50
23 43
20 49
47 43
10 34
4 43
35 7
17 42
37 31
31 45
48 44
11 47
33 24
1 34
37 46
35 31
11 7
14 48
27 4
46 22
11 34
36 37
22 3
30 16
5 48
28 11
46 13
8 45
20 41
44 12
26 40
15 17
47 18
25 49
32 35
30 43
7 42
12 29
2 2
23 40
50 50
43 25
48 4
30 5
5 31
7 11
1 37
46 27
9 29
34 39
1 5
40 50
34 3
37 20
6 12
48 50
15 45
17 46
3 15
18 8
31 29
20 5
44 49
39 2
7 14
41 11
14 1
11 28
49 33
35 12
1 31
7 1
15 22
23 13
13 12
47 23
24 36
37 45
15 48
9 45
32 36
32 50
4 4
32 7
15 43
45 28
24 44
27 27
40 6
50 49
25 29
14 6
21 5
21 33
50 41
7 39
10 46
14 15
19 4
13 31
37 38
1 29
38 2
36 38
18 43
18 13
9 32
35 38
7 6
9 20
19 7
8 20
46 9
34 41
46 43
34 6
20 22
7 42
1 49
22 34
24 25
25 2
37 11
1 36
42 35
23 12
37 28
34 16
4 46
42 31
4 43
28 7
29 27
50 42
19 11
35 50
3 24
40 32
24 17
29 49
28 30
25 38
1 1
43 26
42 49
42 22
24 50
8 3
20 50
23 44
14 36
34 27
33 4
44 5
46 10
7 2
8 45
19 18
30 24
49 6
35 44
18 6
47 12
35 32
17 11
6 6
2 29
25 24
36 25
23 10
43 6
15 5
37 3
30 21
5 42
49 35
4 43
21 18
24 49
4 3
27 11
25 30
1 1
7 41
42 41
1 19
29 30
1 11
29 24
6 23
3 33
35 26
22 43
46 22
43 42
37 49
12 1
24 21
7 39
43 11
21 22
13 1
1 36
4 50
41 1
41 48
24 28
20 19
34 44
15 7
39 37
5 41
35 29
25 18
36 16
32 25
35 9
15 19
19 33
11 10
37 12
34 35
42 50
47 16
3 4
32 23
27 13
5 29
43 40
11 10
22 48
35 14
28 23
36 44
2 39
30 27
32 21
14 24
47 22
31 17
17 10
10 12
21 39
30 46
9 39
10 9
23 33
27 41
35 26
35 9
27 44
31 25
10 20
8 36
7 50
38 50
36 12
8 45
31 46
24 16
14 27
48 15
4 2
50 48
34 33
47 8
1 20
13 47
20 31
47 33
39 40
28 36
29 20
2 34
6 12
49 40
11 48
32 28
21 43
20 30
48 17
5 6
13 26
16 37
27 11
42 5
27 10
2 16
39 27
30 2
17 23
23 49
48 39
9 8
46 13
17 1
9 48
38 28
41 33
29 7
6 4
32 6
35 33
34 45
45 28
45 38
22 1
24 49
50 2
27 30
8 7
45 32
46 49
48 36
21 21
29 14
20 9
48 16
26 19
5 42
31 37
24 5
11 18
42 28
19 37
16 48
21 23
50 14
11 29
31 23
40 19
41 49
26 9
5 30
3 15
44 23
30 32
39 25
5 19
30 12
50 43
44 40
27 22
10 36
25 31
25 22
36 45
47 25
43 46
27 48
23 14
7 8
33 46
28 35
34 3
1 37
17 16
38 6
20 27
8 22
1 49
22 49
47 47
3 49
48 17
33 46
8 48
38 38
48 9
36 33
27 30
32 9
1 16
8 5
47 22
38 50
10 45
45 5
10 2
17 42
7 45
47 33
29 36
45 2
12 11
9 48
36 25
15 33
36 36
4 19
37 44
50 37
32 15
24 23
21 2
36 16
24 13
3 37
26 42
5 19
46 42
24 11
15 37
10 50
24 42
42 39
44 24
49 2
3 23
7 33
43 43
20 17
5 15
43 6
19 22
4 42
49 47
35 1
9 27
5 47
33 40
38 24
34 22
45 12
33 50
31 15
14 32
38 39
31 7
36 50
37 15
30 45
20 2
13 7
26 31
42 17
1 43
7 26
10 41
40 31
4 6
47 49
44 13
29 13
24 16
32 26
18 14
16 15
47 15
33 50
18 46
9 38
26 25
9 39
15 3
17 27
4 9
32 14
10 30
21 28
38 1
37 33
1 12
24 12
13 12
31 5
45 13
50 44
4 9
44 47
39 14
5 34
10 20
28 9
36 10
50 1
21 4
41 45
16 31
25 43
40 5
4 28
34 32
38 11
3 4
19 26
6 16
48 10
7 12
24 49
27 6
16 24
45 24
10 40
14 17
22 9
16 27
19 34
44 47
50 44
27 10
40 29
41 38
26 22
34 23
13 31
36 38
47 24
14 30
36 6
47 40
50 13
25 41
31 44
9 24
50 8
14 45
10 19
48 48
28 1
31 27
21 1
42 40
8 22
14 21
10 17
5 42
39 40
46 16
45 44
11 6
2 40
37 20
30 43
43 27
19 19
10 11
3 25
40 4
34 40
15 42
34 32
10 40
3 41
44 1
28 19
6 36
15 4
37 8
5 29
38 23
33 13
24 28
17 20
33 21
21 18
3 49
11 50
22 26
30 29
19 15
40 11
3 40
15 41
1 39
34 44
17 30
23 1
41 43
45 14
3 6
30 3
7 33
33 45
45 36
34 9
35 35
38 46
44 8
40 2
44 9
23 48
39 39
14 15
37 13
13 36
28 11
23 25
22 39
20 23
39 35
33 38
1 25
13 32
32 34
3 15
41 38
1 45
9 32
32 32
46 10
49 27
21 34
21 14
34 26
18 13
27 47
20 5
39 3
48 46
26 12
31 16
18 4
34 25
18 37
46 4
20 21
5 12
8 35
46 19
22 11
16 4
36 33
8 8
40 16
2 21
46 45
7 30
21 9
5 19
42 25
17 50
15 37
17 25
47 32
23 32
35 5
6 25
29 38
40 15
28 47
2 25
5 10
21 2
14 13
42 49
14 3
49 50
30 12
4 17
21 23
48 42
19 37
19 26
37 29
5 34
43 39
41 17
47 16
45 16
37 38
9 20
24 46
43 42
6 23
8 23
30 38
3 32
3 45
17 31
50 6
37 41
22 48
30 44
25 3
34 35
15 32
42 43
1 39
29 39
26 45
9 27
32 46
41 16
42 44
9 32
20 48
16 30
35 19
17 14
46 40
20 43
32 4
3 42
15 39
28 22
20 46
46 1
25 37
15 6
38 29
20 46
16 9
19 42
11 35
34 27
47 26
22 11
47 36
4 31
22 45
22 48
10 11
13 32
23 14
46 13
38 42
3 38
3 12
4 32
45 33
39 44
2 50
10 22
14 29
49 8
19 32
35 46
49 24
49 2
26 12
3 49
17 14
49 26
22 38
43 2
15 16
20 30
16 16
41 28
34 43
32 36
40 14
28 31
50 38
26 33
38 46
25 3
45 18
5 2
1 34
14 36
13 34
8 43
4 18
34 26
3 11
28 4
27 3
7 49
33 17
5 3
50 36
21 2
27 5
17 50
17 18
50 23
41 32
38 49
16 25
9 38
49 8
21 34
30 26
40 8
1 30
43 14
7 35
1 38
37 38
35 24
13 49
17 49
36 1
1 19
11 38
21 9
40 14
43 21
9 23
1 41
15 29
23 8
11 5
22 41
33 27
19 6
25 11
33 27
17 11
7 27
50 22
4 11
37 1
49 50
14 43
46 12
34 49
10 50
28 41
44 30
16 26
9 4
45 42
47 33
37 17
27 6
21 15
32 37
12 41
26 8
2 33
31 40
13 7
18 23
27 5
48 1
9 24
7 11
28 24
34 14
47 29
23 22
1 20
24 44
39 24
46 47
23 19
11 24
4 39
39 28
44 34
27 2
42 28
24 21
28 49
28 5
7 20
18 39
19 26
25 15
9 20
2 48
6 21
41 4
16 16
19 14
33 30
14 44
2 28
45 20
6 11
10 18
29 16
17 13
6 42
26 49
26 39
23 36
2 40
28 21
19 32
7 45
33 25
12 48
7 20
21 50
39 6
25 6
6 22
11 29
24 7
10 47
11 24
36 23
21 5
31 50
38 38
11 43
28 27
22 7
43 39
42 26
4 4
44 8
44 39
8 17
5 33
13 8
2 30
24 18
31 27
9 17
36 22
10 30
16 12
35 1
16 42
17 10
3 25
39 10
38 33
44 40
14 37
34 22
8 50
15 35
29 31
14 8
41 41
45 3
44 44
20 26
17 35
46 7
36 15
24 22
29 10
41 26
19 14
31 12
3 11
46 17
27 4
17 39
31 10
33 25
42 16
27 10
36 3
13 10
32 3
44 40
20 44
29 20
24 32
42 16
20 18
9 6
44 32
13 30
12 27
2 44
41 2
50 32
27 35
48 12
3 19
5 32
22 13
31 38
35 37
41 42
37 33
17 8
39 30
44 38
44 28
27 33
14 36
45 28
5 35
37 35
49 6
18 39
12 19
32 26
41 35
13 7
27 44
48 6
40 27
3 46
26 3
13 5
18 41
29 35
16 27
24 6
16 18
38 17
20 40
11 11
29 49
35 26
49 7
33 48
4 5
18 31
9 34
17 38
27 33
24 30
49 1
32 31
3 4
38 34
8 15
37 18
12 1
20 3
50 42
38 12
29 2
35 5
18 17
34 45
44 38
47 9
39 2
9 15
19 36
29 28
29 3
10 7
45 38
48 42
32 31
33 48
12 34
4 11
38 42
30 29
48 9
17 47
17 6
50 42
39 41
13 22
22 39
17 20
47 17
35 1
28 10
23 28
47 23
18 16
28 15
9 10
41 38
33 32
14 5
22 7
44 16
39 47
38 39
43 36
37 26
42 39
29 39
8 38
36 24
50 3
1 8
23 26
29 49
21 25
24 16
14 1
4 8
43 44
11 9
5 30
27 32
44 20
36 43
32 1
27 28
20 50
36 18
38 4
26 12
27 13
41 15
4 44
2 30
8 27
40 7
34 10
13 9
1 43
14 39
20 21
32 42
25 45
14 36
37 48
16 18
40 42
31 41
21 28
12 3
40 36
36 11
28 38
48 1
27 23
6 32
16 7
10 3
1 31
35 7
34 3
37 31
18 47
18 36
1 27
43 23
13 12
18 21
8 7
42 20
39 39
42 44
11 39
7 4
29 30
12 11
44 10
22 11
39 48
2 27
32 11
50 21
28 15
49 28
39 42
22 2
10 33
7 25
47 41
23 47
5 34
22 4
23 50
48 30
48 41
4 40
1 43
3 4
13 1
5 15
5 20
23 45
41 3
41 14
9 17
21 29
5 4
27 45
8 27
14 24
1 7
45 9
33 19
43 50
26 26
6 23
18 40
42 2
4 17
14 10
14 5
37 20
34 39
28 42
48 41
6 11
5 20
14 16
32 8
24 45
4 12
28 22
23 12
19 37
4 13
42 21
44 21
27 43
9 42
39 26
39 46
6 11
41 37
12 19
4 43
6 14
43 2
36 1
17 1
19 10
41 33
30 44
34 18
21 22
7 30
45 14
1 38
8 16
6 36
43 42
7 18
9 9
46 2
37 49
30 5
43 28
19 48
20 29
3 39
35 25
34 6
13 42
1 41
30 16
45 15
2 3
5 6
17 25
35 31
1 Harpagonuv 0.1 0.1 1 1 1 1 1
49
0 1 1 1000
0 2 1 1000
0 3 1 1000
0 4 1 1000
0 5 1 1000
0 6 1 1000
0 7 1 1000
0 8 1 1000
0 9 1 1000
0 10 1 1000
0 11 1 1000
0 12 1 1000
0 13 1 1000
0 14 1 1000
0 15 1 1000
0 16 1 1000
0 17 1 1000
0 18 1 1000
0 19 1 1000
0 20 1 1000
0 21 1 1000
0 22 1 1000
0 23 1 1000
0 24 1 1000
0 25 1 1000
0 26 1 1000
0 27 1 1000
0 28 1 1000
0 29 1 1000
0 30 1 1000
0 31 1 1000
0 32 1 1000
0 33 1 1000
0 34 1 1000
0 35 1 1000
0 36 1 1000
0 37 1 1000
0 38 1 1000
0 39 1 1000
0 40 1 1000
0 41 1 1000
0 42 1 1000
0 43 1 1000
0 44 1 1000
0 45 1 1000
0 46 1 1000
0 47 1 1000
0 48 1 1000
0 49 1 1000
