1
0.5203343200917487 0.7177362889044476 1000 1 1
49
0.4108347881916371 0.0925987077154673
0.45193131612270776 0.7287443238081674
0.3268866270232067 0.6158942123685132
0.14754177974148064 0.5265088722093781
0.10849095290648014 0.13570812296849633
0.7355243595472786 0.9818377428485288
0.3726489671186328 0.7047461377241953
0.49078812729422105 0.9842570544042277
0.8069516791650232 0.2843255805229439
0.5372302664397036 0.06907094704408512
0.12564054281343207 0.5945159388152176
0.7527478449231774 0.5323383699119134
0.35245294085719536 0.5261188320581018
0.35701043033910296 0.5058088242091054
0.17890408211561082 0.8780169321386849
0.25165658913010314 0.8806277344800851
0.6497495297993051 0.9815910939915637
0.1182348368128423 0.029960513816975287
0.5739815886489885 0.6069477100362339
0.5995012020394239 0.8081287141439435
0.4156347936567609 0.10993809207297345
0.30362324550497866 0.24230646348333007
0.0226990746000717 0.38396614753469005
0.28689417514863613 0.0673518484563187
0.4261898944865137 0.3391753759766184
0.2716917455508462 0.018216566623978303
0.8047087560950219 0.3805049381884429
0.3991555118797303 0.30717592459113185
0.0037215684410201177 0.8122864298040358
0.7219018934133397 0.5858361418176775
0.3156573836167055 0.5861959636113524
0.2906102820505666 0.4443004871791376
0.08679617125873729 0.5930400254969225
0.7695572383575985 0.4319759824523175
0.5335378689484498 0.4250656580713249
0.9658653543924193 0.4037647054242902
0.6467081903033645 0.797561643059508
0.9906490652682917 0.22233147248868468
0.6267690613297358 0.8177940494413555
0.1959001919111517 0.9499469043372978
0.32895509564738623 0.46898574192799125
0.5427121534052682 0.02586031193971927
0.29410425920550076 0.7198311885789742
0.3363907213769095 0.8882743965194931
0.826561113704899 0.3200100628589223
0.7953404236248472 0.12025802199393476
0.5969016978649817 0.8204792510691851
0.23560068507819154 0.7757280688965739
0.12176366543041672 0.11880323293216966
298
35 34
30 27
39 28
49 23
40 3
19 48
16 18
37 38
7 21
40 16
41 42
31 38
42 39
10 10
8 47
28 40
13 19
4 21
13 18
8 10
43 42
22 16
48 45
46 47
33 38
13 13
50 49
17 13
8 46
31 39
11 19
47 9
4 7
18 29
31 12
43 9
45 44
22 28
39 25
25 6
23 31
21 30
47 32
43 5
14 6
17 2
10 30
46 39
3 18
47 9
44 43
3 28
48 34
10 43
49 31
28 37
38 7
39 17
26 42
10 9
45 41
34 36
40 8
9 12
41 9
40 26
21 23
38 23
38 30
32 33
14 15
21 31
22 23
46 35
37 33
42 19
32 38
45 20
42 4
16 41
18 17
22 21
35 42
50 28
13 29
22 33
2 5
45 43
37 32
17 11
28 12
5 14
3 19
49 27
8 5
48 34
5 6
26 38
8 14
5 6
8 7
49 37
47 8
38 15
40 9
44 37
31 18
15 24
16 17
44 16
5 25
29 23
50 7
50 20
25 20
37 19
10 9
25 50
48 7
33 13
1 6
21 25
33 44
1 29
34 15
49 30
48 48
19 20
11 30
41 40
38 39
17 46
17 44
33 17
26 36
9 43
10 21
42 6
8 48
6 12
6 15
4 21
47 40
50 35
36 37
46 22
4 3
1 2
4 22
13 5
11 41
25 2
36 34
26 9
29 14
46 33
23 15
29 12
49 16
21 11
43 8
14 13
26 25
4 21
47 33
35 22
10 11
19 8
23 24
6 8
36 10
1 29
49 14
33 34
3 50
1 31
20 15
17 35
27 7
49 34
19 36
20 4
25 15
31 32
17 3
2 14
27 19
15 44
19 36
39 40
30 31
24 4
50 15
39 1
10 22
27 26
11 23
22 34
27 28
26 17
9 28
49 48
4 36
38 41
6 37
34 33
26 10
22 50
33 31
32 7
45 36
30 29
21 12
24 7
37 24
32 15
33 18
44 50
45 13
46 40
12 18
6 21
8 9
1 33
28 29
10 11
49 4
39 17
40 20
38 33
3 44
28 2
28 26
43 30
36 46
21 20
25 24
48 18
10 27
2 37
9 31
41 43
12 14
36 35
21 28
34 12
14 13
2 41
44 50
40 49
47 48
6 7
5 22
25 9
34 6
24 32
31 45
12 26
7 3
19 18
10 3
46 20
20 32
42 28
3 49
2 3
47 6
11 12
16 15
7 41
4 5
6 34
37 28
40 9
44 32
50 41
22 25
9 46
10 3
27 32
14 31
18 40
1 10
4 33
12 13
8 22
7 35
3 39
29 27
2 4
7 36
8 14
35 38
46 45
34 43
14 16
33 24
26 30
1 Harpagonuv 0.1 0.1 1 1 1 1 1
49
0 1 1 1000
0 2 1 1000
0 3 1 1000
0 4 1 1000
0 5 1 1000
0 6 1 1000
0 7 1 1000
0 8 1 1000
0 9 1 1000
0 10 1 1000
0 11 1 1000
0 12 1 1000
0 13 1 1000
0 14 1 1000
0 15 1 1000
0 16 1 1000
0 17 1 1000
0 18 1 1000
0 19 1 1000
0 20 1 1000
0 21 1 1000
0 22 1 1000
0 23 1 1000
0 24 1 1000
0 25 1 1000
0 26 1 1000
0 27 1 1000
0 28 1 1000
0 29 1 1000
0 30 1 1000
0 31 1 1000
0 32 1 1000
0 33 1 1000
0 34 1 1000
0 35 1 1000
0 36 1 1000
0 37 1 1000
0 38 1 1000
0 39 1 1000
0 40 1 1000
0 41 1 1000
0 42 1 1000
0 43 1 1000
0 44 1 1000
0 45 1 1000
0 46 1 1000
0 47 1 1000
0 48 1 1000
0 49 1 1000
