1
0.186285093233565 0.9288634013476572 1000 1 1
49
0.17077873351551687 0.47412439859163746
0.012871682219250169 0.6764114415828655
0.5809218684663225 0.2185995352800687
0.8537877841691053 0.1307364249965982
0.024400049500903465 0.22067429671770877
0.6102848472290918 0.40189846265674245
0.8428391277154148 0.2001385292474792
0.36780427760502044 0.725240812726826
0.8039409941908475 0.6924296446973234
0.7752846027402429 0.6716758974100487
0.30449491155255026 0.8113739442801181
0.7933760309876532 0.10875999663517733
0.8841045155658491 0.8541170856624606
0.21294879186902094 0.6868874758346425
0.28272180692225 0.5101434608853741
0.3892327866333306 0.2053960180982024
0.12990475977499694 0.7838651758461999
0.683799343553849 0.29497268982729763
0.26909762012633476 0.6158701096771172
0.2781284859248657 0.5240372660028203
0.6404731179143062 0.011699295983407798
0.3070070581369009 0.047171035721555565
0.2885636070342614 0.5207356413733154
0.4628384988349791 0.9500016441553579
0.9777431686318858 0.771665225867139
0.45104373551928434 0.08865426272012167
0.10447733264862347 0.8997585829926315
0.5458644379146786 0.7937937683145564
0.8386877001756164 0.8302559506504489
0.9892507716130242 0.7729714053748411
0.011127361373679201 0.05671413158991401
0.21312567824585438 0.12704751574685413
0.7077174820563757 0.02329447140951524
0.9704297562849217 0.9955448213849094
0.4067244656650437 0.13972449439661572
0.9276455223083165 0.8807603228124533
0.23146676034667757 0.002611123812020888
0.833989387717778 0.1293594600747454
0.24595880001881154 0.5940464895356085
0.6782648778048445 0.4454453409994791
0.05233530903402561 0.35783839060077705
0.31169428892926654 0.3827964452091006
0.06734878318016879 0.5937578783604661
0.9781872913408329 0.49140591885214113
0.8101839079302158 0.9130382729105533
0.09211678800893996 0.6416047350860473
0.07866225835063212 0.34457467354564075
0.6498688884191304 0.5301924904619356
0.7375432994015956 0.8071277024563722
98
43 42
47 46
18 17
29 30
15 12
6 7
47 48
36 35
7 4
50 49
11 25
36 10
14 44
27 13
9 10
11 46
4 48
18 19
12 11
34 41
1 48
8 50
40 41
25 26
28 27
23 26
36 43
50 38
4 3
17 16
35 34
32 48
15 28
21 22
15 14
44 45
17 41
28 30
44 43
36 47
21 20
18 27
45 46
34 33
30 31
20 8
10 20
5 6
39 38
30 41
2 25
37 5
24 23
25 24
3 35
33 33
32 31
2 24
15 16
43 22
13 14
44 16
12 37
23 7
13 12
13 12
37 46
39 35
26 27
8 7
6 14
29 28
3 20
17 29
33 32
32 1
14 19
33 16
21 22
48 20
38 37
36 37
19 20
42 41
28 45
23 22
3 2
5 31
5 4
34 30
49 48
40 42
9 8
23 9
10 11
49 37
42 45
39 40
1 Harpagonuv 0.1 0.1 1 1 1 1 1
49
0 1 1 1000
0 2 1 1000
0 3 1 1000
0 4 1 1000
0 5 1 1000
0 6 1 1000
0 7 1 1000
0 8 1 1000
0 9 1 1000
0 10 1 1000
0 11 1 1000
0 12 1 1000
0 13 1 1000
0 14 1 1000
0 15 1 1000
0 16 1 1000
0 17 1 1000
0 18 1 1000
0 19 1 1000
0 20 1 1000
0 21 1 1000
0 22 1 1000
0 23 1 1000
0 24 1 1000
0 25 1 1000
0 26 1 1000
0 27 1 1000
0 28 1 1000
0 29 1 1000
0 30 1 1000
0 31 1 1000
0 32 1 1000
0 33 1 1000
0 34 1 1000
0 35 1 1000
0 36 1 1000
0 37 1 1000
0 38 1 1000
0 39 1 1000
0 40 1 1000
0 41 1 1000
0 42 1 1000
0 43 1 1000
0 44 1 1000
0 45 1 1000
0 46 1 1000
0 47 1 1000
0 48 1 1000
0 49 1 1000
