1 0 0 0 1 0 8
0.6427876096865393 0.766044443118978
0.984807753012208 0.17364817766693041
0.8660254037844387 -0.4999999999999998
0.3420201433256689 -0.9396926207859083
-0.34202014332566866 -0.9396926207859084
-0.8660254037844384 -0.5000000000000004
-0.9848077530122081 0.17364817766692997
-0.6427876096865396 0.7660444431189778
36
1 2
1 3
1 4
1 5
1 6
1 7
1 8
1 9
2 3
2 4
2 5
2 6
2 7
2 8
2 9
3 4
3 5
3 6
3 7
3 8
3 9
4 5
4 6
4 7
4 8
4 9
5 6
5 7
5 8
5 9
6 7
6 8
6 9
7 8
7 9
8 9
1 Miroslav 1 1 1e12 1e12 0 1 1 8
1 1 1 100000
1 2 1 100000
1 3 1 100000
1 4 1 100000
1 5 1 100000
1 6 1 100000
1 7 1 100000
1 8 1 100000
